 83815
 81780
 76798
 68455
 61331
 60308
 58108
 54281
־ 52975
 50794
 50347
 46994
 46120
ƽ 44984
 40562
 39478
 38966
 38290
 36727
 36171
 35277
 32158
 31926
 31758
 30991
 30775
 29953
 29716
Ӣ 29575
 28634
 27146
 26655
 25606
ѧ 24930
 24908
 23494
 23251
Ԫ 22889
 22167
 21599
ΰ 21527
 21495
ɽ 21447
 21333
 20306
 19627
 19087
 18642
 18442
 18400
 18343
 18171
С 17941
 17844
 17670
 17345
 17295
 17169
 17079
 16426
 16149
ǿ 16109
 15971
 15415
˳ 15410
 15402
 15371
 15367
 15262
 15247
 15218
ʤ 14704
 14357
 14314
ϲ 14111
ȫ 14090
 13734
 13600
 13547
 12996
 12719
 12569
 12285
ʿ 11658
 11516
ά 11515
ˮ 11348
 11160
 10963
Ȫ 10888
 10867
 10862
 10745
 10699
 10669
 10608
 10487
 10262
 10260
 10217
 10096
 10052
 10024
 9907
 9787
 9786
 9508
 9494
 9445
 9393
 9392
 9342
 9309
÷ 9257
 9205
 8968
 8911
 8868
 8814
 8796
 8782
ռ 8724
 8642
 8563
 8380
 8317
 8295
 8208
 8091
 8076
 7999
 7980
 7805
 7750
 7739
 7717
 7702
 7697
ï 7684
 7630
 7524
 7498
 7414
Ծ 7248
 7177
 7031
Ȩ 7003
ɭ 6971
 6809
 6794
 6773
 6769
 6768
 6758
 6713
 6671
 6643
 6626
ҫ 6586
ѩ 6535
 6485
 6463
Ƽ 6445
 6392
 6390
 6344
 6301
 6293
֥ 6167
 6058
 6022
 5990
 5949
 5948
 5894
 5854
 5810
 5810
 5795
Т 5765
Ⱥ 5636
 5615
 5590
ϼ 5488
 5438
 5431
 5389
 5362
 5316
 5258
˫ 5246
 5225
 5180
 5160
һ 5145
 5070
 4938
 4930
 4873
 4854
 4849
Զ 4849
 4795
ͬ 4724
 4703
ϣ 4637
 4618
 4563
 4559
 4553
̫ 4538
 4499
 4466
 4304
 4276
 4142
 4122
 4088
 4064
 4055
 4055
 4052
͢ 4047
 4023
 4000
 4000
 3988
 3950
 3940
 3928
ҵ 3900
 3885
 3882
ľ 3861
Դ 3804
 3793
 3785
 3762
˼ 3745
 3744
 3732
 3702
 3687
 3671
ͥ 3570
 3560
 3527
 3487
 3474
 3456
 3435
 3433
 3430
 3380
 3363
 3324
 3322
Ϊ 3297
 3281
 3278
 3176
 3172
ʢ 3165
 3158
 3157
 3156
 3119
 3112
 3091
 3073
ӡ 3021
 3011
 2993
 2983
 2942
 2930
 2925
 2905
ʥ 2896
 2890
Ӧ 2885
 2880
 2849
 2849
 2842
 2838
 2835
 2824
Ң 2748
» 2742
 2705
 2689
 2685
 2676
 2676
 2629
 2591
 2580
 2574
֮ 2559
 2559
ԣ 2552
ʯ 2542
 2530
 2514
 2495
 2491
 2483
 2457
 2435
 2425
 2417
 2412
 2406
 2367
 2331
 2328
 2325
 2309
 2303
 2253
 2241
¼ 2210
 2146
̩ 2141
 2139
 2118
 2108
 2107
 2104
ͨ 2080
 2078
 2075
 2065
 2050
 2046
Ʒ 2040
 2024
 2009
 2007
 2006
 1999
 1991
 1960
 1929
 1927
ѫ 1907
ͤ 1904
 1890
 1886
 1874
 1873
 1846
 1846
 1829
 1828
 1811
 1809
 1797
 1794
 1786
 1784
 1766
 1764
 1759
ʱ 1759
 1759
 1756
 1753
 1734
 1719
 1698
 1679
 1675
 1667
 1667
 1657
 1647
 1631
֦ 1628
 1577
 1573
 1572
 1567
 1563
 1555
 1555
 1545
 1539
 1532
 1514
 1511
 1477
 1475
ë 1468
 1457
 1442
 1440
 1437
 1436
 1423
Ч 1420
ǰ 1411
 1399
 1399
 1398
 1396
 1392
 1389
 1384
 1379
 1356
 1343
 1327
 1323
 1302
 1300
 1299
 1297
 1294
ף 1290
 1283
 1274
Ȼ 1263
 1262
 1252
ѵ 1252
Ҷ 1245
 1232
 1226
 1224
· 1224
 1222
 1217
 1215
 1210
 1204
 1195
 1188
 1187
 1179
 1179
 1173
 1172
 1172
 1170
 1164
ͩ 1160
¡ 1156
 1153
 1149
Ǭ 1146
 1133
 1131
ӭ 1126
ѡ 1108
 1106
 1105
 1100
 1089
 1076
¥ 1066
ǫ 1059
 1049
˨ 1028
 1015
 1011
 996
 994
 994
 987
ţ 971
 970
 966
 965
 964
 952
 949
 942
 936
 934
 932
 926
 926
ǧ 922
 914
Ӫ 913
ʫ 910
 910
 908
 907
 907
 907
 886
 877
 876
 870
ع 870
 868
 868
 850
ũ 850
 849
 849
 847
 847
 844
 841
 831
 829
 825
 825
 823
˩ 817
 816
 813
 813
 806
 806
 799
 796
 795
 790
ׯ 789
 780
 774
 773
 773
 763
 758
 757
 754
 754
 753
 751
 750
 747
 741
 741
 740
 737
 722
 721
 720
 719
ɺ 716
 707
 707
 704
 693
 692
 690
ӱ 687
 684
ԭ 682
 682
 681
 681
ʵ 678
 674
 673
 672
 671
 668
 666
 666
½ 664
 659
 657
 654
 652
У 651
 641
 641
 636
 633
μ 632
Ϧ 627
 626
 624
ֲ 624
 622
 621
 621
 611
 611
 608
 605
 605
׿ 603
 601
 601
 596
 595
Ϫ 593
 589
չ 585
 580
 580
 576
 575
 574
԰ 573
 573
 566
 562
 561
 559
 559
 559
 556
 550
 549
 547
˴ 546
 545
 545
³ 544
ا 541
 539
 539
 539
 536
 535
Ǯ 533
 531
 530
 526
 526
 525
 522
 509
ϰ 509
˹ 508
 507
 504
 503
 500
ս 497
 497
 496
 495
 495
 492
 491
 491
 490
 488
 487
 483
 480
֪ 478
 476
ı 475
 475
Ԩ 474
 474
 474
 470
ͼ 468
 467
 467
Ӱ 467
 466
 462
 461
 461
֧ 461
 458
 457
 455
Խ 455
ϸ 455
 455
 452
 443
 442
 442
 441
Ф 441
̨ 438
 434
 433
 431
 429
 426
Ц 426
 424
 422
 422
 419
 418
 415
 411
ģ 408
 407
 406
ʽ 404
 404
 403
 403
ʦ 403
ͳ 402
 402
ʡ 400
 397
 396
׳ 395
 394
 391
 390
 390
 389
 388
 388
 386
 385
ͦ 384
 380
 376
 375
Ө 373
 370
 368
 365
 365
 363
 363
 362
 361
 361
 360
 359
Ů 357
 357
 355
 355
 352
 351
 348
 348
ӳ 347
ܿ 346
 345
 342
 341
 337
¯ 337
 336
 333
 333
 332
 332
Ǩ 328
Э 327
 327
 326
 326
 324
 324
 323
 322
 320
 319
ӿ 318
Ա 317
 315
 313
 311
 311
λ 310
 310
 307
 307
 307
 305
 305
 305
 304
ε 303
 303
 303
 302
 301
Ľ 301
 301
 300
 300
 299
 296
 296
 295
 294
 293
 293
 291
 289
 289
 289
 288
 288
 287
ӵ 287
 285
 285
ӯ 285
 285
 284
 281
 281
 280
 278
 277
 277
 277
 277
 276
 276
 276
 275
 273
 273
 271
 269
 268
ͷ 268
 266
 266
 265
 265
 265
 265
 263
 263
 260
 259
 259
 258
Ұ 257
 257
 256
 256
 254
ƻ 253
 252
 251
 250
 250
 250
 249
 248
 248
ˡ 247
 247
 247
ר 247
΢ 245
 245
 244
 244
 244
 242
 239
 238
 238
 238
˶ 236
 235
͡ 235
 234
Ҫ 233
 233
 232
 232
 231
 231
 230
 230
ͮ 229
ī 229
 229
 228
 227
 225
 224
 223
 222
 221
 220
 220
 219
 219
 219
 217
 216
 216
 215
 215
ܰ 215
 215
¶ 215
 215
 215
Ӿ 214
 213
ޱ 212
 212
 212
ֱ 211
ӥ 209
 209
 207
 207
 205
 205
 204
ի 203
 203
 203
 202
 201
 201
 201
Ԯ 200
 200
 200
ο 200
 200
̹ 199
î 199
 199
 198
 198
 197
 196
 196
 195
 194
 193
 193
 192
 192
 192
 191
 191
 191
ü 189
 187
 187
 187
 187
 186
ӽ 186
ٻ 185
 184
 184
 182
 182
 182
 180
 180
 179
 179
 177
 177
 177
 176
 176
 175
ɼ 174
 173
 173
 173
 172
ͭ 172
 171
 170
վ 170
δ 169
 169
 168
ϯ 168
̶ 167
 167
 166
Ψ 166
 166
 165
 164
 164
 163
 163
 163
 162
 162
ж 161
ݺ 161
 161
 160
 160
 160
 159
 158
 156
 156
 155
 155
ͯ 155
ұ 154
 154
 154
ʨ 153
 152
 152
 152
 152
 152
 151
 151
 151
̳ 151
 151
 151
Ω 151
 150
 150
 150
 149
 149
 149
 148
Լ 148
 147
ת 146
 145
 145
 145
 144
 143
 143
ͣ 143
 143
 142
 142
 141
 141
 141
 141
 140
 140
 140
 139
 139
 139
 139
׼ 139
 139
 138
ɳ 138
 138
 138
 137
 136
 135
 135
 134
Ҳ 134
 134
 134
 134
 134
Ŀ 134
Ѹ 133
 133
 133
 133
 133
ֻ 133
 133
 133
 133
 133
 132
 132
 131
 131
 131
 131
 130
 130
 130
 130
 129
 129
 129
ȥ 129
 129
 128
 128
 128
 128
֣ 128
 127
 127
Ρ 126
 126
 125
ί 125
 125
 125
 124
 124
ݼ 124
 123
 123
 123
 122
 122
 122
 122
 122
 122
 122
 120
 119
ѷ 119
 119
 119
ʷ 119
 119
 118
 118
 118
 118
ִ 117
 117
ʮ 117
 117
Х 116
 116
 116
 116
 116
 116
 116
 116
 115
 115
ݥ 115
 115
 115
 114
 114
 114
 114
 114
 114
 113
õ 113
 113
 113
 112
 112
 112
 112
 112
 111
 111
ӹ 110
 110
ܽ 110
ū 110
 109
 109
 109
 108
 108
 108
 108
 107
 107
 107
 107
 107
 106
 106
 106
 105
 105
 105
 104
 104
 103
 103
 103
 103
 103
 102
 102
 101
 101
 101
 101
ŷ 101
 101
 101
ð 101
 100
 100
ˬ 100
 100
 99
 99
 99
 99
ů 99
 99
 98
ȡ 98
 98
 98
 98
 98
 98
 98
 98
 97
 97
 96
 96
 95
 95
Ҧ 95
 95
 94
 94
Բ 94
 94
 94
 93
 93
 93
٩ 93
 93
 93
γ 92
 92
 92
 92
 92
 91
 91
 90
 90
 90
 90
 89
̸ 89
 88
 88
 88
 88
 88
ܲ 87
 87
 87
 87
 87
 87
 87
 87
Τ 87
 86
Ժ 86
 86
 86
 86
˾ 86
 86
 85
Ĭ 85
 85
 85
 85
 85
 85
 85
 84
 84
 84
 84
 84
 84
 84
Ī 83
 83
 83
 83
 83
ϴ 83
ʩ 83
 83
 82
 82
 82
 82
 82
 82
 81
˧ 81
ѭ 81
 81
 81
 80
 80
 80
ѿ 80
Ȧ 79
 79
 79
֤ 79
 79
 79
 79
 79
ԫ 78
 78
 78
 78
 77
 77
 77
 77
 77
 77
 76
 76
 76
 76
 76
 76
 76
ס 76
 76
 75
 75
 75
 75
 75
լ 75
 75
 75
 75
ԥ 74
 74
Ǳ 74
 74
˪ 73
 73
 73
 73
 73
 73
 73
 73
ÿ 73
 72
 72
 72
տ 72
 72
Ƹ 72
 72
 71
 71
 71
 71
 71
 70
 70
Ի 70
 70
 70
 70
 70
ط 69
ξ 69
 69
 69
 68
Į 68
 68
 68
 68
 68
 68
¹ 68
 68
 68
 68
 67
л 67
 67
 67
 67
 67
ɮ 67
 67
 67
Ը 67
 67
 66
 66
ע 66
Ǣ 66
 66
Ӻ 66
 66
 66
Ե 66
ɸ 66
ҧ 66
 65
 65
 65
 65
 65
 65
 65
 65
 65
 65
 65
 64
 64
 64
 64
 64
 64
״ 63
 63
 63
 63
 63
Ƿ 63
 63
ؤ 63
 63
 63
 62
ʾ 62
ź 62
 62
 62
æ 62
 62
ɣ 62
Ƶ 62
 61
 61
ɫ 61
 61
 61
 61
 61
 61
 61
 60
 60
 60
 60
Ũ 60
 60
ʰ 60
Է 60
 60
 60
 60
 60
 60
ν 60
 60
 60
 59
â 59
 59
 59
 59
 59
 58
 58
 58
 58
 58
 58
ק 58
 57
 57
ƺ 57
 57
 57
 57
 57
 57
 57
 57
 57
 57
 57
 57
 57
 56
 56
 56
 56
 56
 56
 55
 55
 55
 55
 55
 55
 55
ϧ 55
 55
 55
 55
 55
 55
 55
 55
 55
 54
 54
 54
¬ 54
 54
 54
 54
 54
 54
 53
 53
 53
 53
 53
 53
 53
 53
 53
 53
 53
 53
 53
 53
 53
̷ 52
 52
Ÿ 52
 52
 52
 52
 52
Ϣ 52
ζ 52
 52
 51
 51
 51
 51
 51
Ȯ 51
 51
 51
ĩ 51
 51
 51
 51
β 51
 51
 50
 50
 50
¦ 50
ֵ 50
 50
 50
 50
 50
 49
 49
 49
 49
 49
 49
 49
 49
 49
 49
 49
 49
 49
 48
ޥ 48
ʼ 48
 48
 48
ɯ 48
 48
 48
 48
 48
׷ 48
 48
 47
 47
 47
 47
 47
 47
 47
 47
 47
 47
Ѧ 47
ŵ 46
 46
 46
 46
 46
 46
 46
 46
 45
 45
 45
 45
 45
 45
 45
 45
 45
 45
 45
 45
 44
پ 44
 44
 44
 44
 44
 44
Ƥ 44
 44
 44
 44
 44
 44
Ԭ 44
 44
̬ 44
 43
 43
 43
 43
 43
 43
 43
 42
ϳ 42
 42
 42
 42
 42
Χ 42
 42
 41
η 41
 41
 41
 41
 41
 41
 41
 40
ϡ 40
ϵ 40
 40
 40
 40
 40
ƫ 40
; 39
 39
 39
 39
 39
 39
 39
 39
 39
 39
ְ 39
 39
 38
 38
 38
 38
 38
 38
 38
Ӯ 38
 38
˿ 38
ö 38
 38
 38
 38
 38
 37
 37
 37
 37
 37
 37
 37
 37
 37
 37
Ѷ 37
 37
 37
 37
 37
 37
ָ 37
 37
 37
 37
 36
 36
 36
ó 36
 36
 36
ʲ 36
 36
 36
 36
 36
 36
« 36
 36
 36
 36
 36
 36
 36
 36
 36
κ 36
 35
 35
 35
Ǫ 35
 35
 35
 35
 35
 35
 35
 35
 35
կ 35
 35
׶ 35
ѯ 34
ŭ 34
 34
 34
 34
 34
 34
 34
 34
 34
 34
 34
 34
 34
 34
 34
ٯ 34
 34
 34
é 34
 33
 33
 33
 33
 33
 33
ĭ 33
 33
 33
 33
 33
 33
Ƚ 33
 33
 33
 33
׮ 33
 33
 33
 33
ȼ 33
 33
ֹ 32
 32
 32
մ 32
 32
 32
 32
 32
 32
 32
 32
 32
 32
 32
 32
 32
 32
 32
 32
 32
 32
 32
 31
 31
 31
 31
 31
̽ 31
 31
 31
ͺ 31
 31
 31
 31
 31
 31
 30
 30
 30
 30
 30
 30
 30
 30
 30
ң 30
 30
 30
ӣ 30
 30
Ƭ 30
 30
 30
 30
 30
߶ 30
 29
 29
ެ 29
 29
 29
 29
 29
֯ 29
 29
˷ 29
 29
 29
ǽ 29
 29
 29
Ŭ 29
 29
 29
 29
 28
 28
 28
 28
Ǿ 28
 28
گ 28
 28
 28
 28
 28
 28
 28
 28
 28
 28
 28
 28
 28
 28
 28
 28
ʶ 28
ӧ 28
 28
 28
 27
 27
 27
п 27
 27
Ļ 27
 27
 27
 27
 27
 27
 27
 27
 27
 27
 27
 27
 27
ʳ 27
 27
 27
ĳ 27
 27
 27
 27
 27
Ϳ 27
 27
 26
 26
 26
 26
 26
 26
Ҽ 26
 26
 26
 26
 26
 26
 26
 26
׹ 26
 26
 26
 26
˰ 26
 26
 26
 26
ܭ 25
ڱ 25
 25
 25
 25
 25
ڹ 25
 25
ש 25
 25
 25
 25
 25
 25
 25
ȷ 25
 25
 25
 24
 24
 24
 24
 24
 24
ѱ 24
 24
 24
 24
 24
 24
 24
 24
 24
 24
 24
ò 24
 24
 24
 24
 24
հ 24
 24
 24
 23
 23
 23
 23
 23
 23
͸ 23
 23
 23
 23
 23
 23
 23
 23
 23
 23
 23
 23
 23
 23
н 23
 23
 23
 23
 23
 23
 23
 23
 23
 23
 23
 23
 23
 23
 23
 22
Ӥ 22
 22
 22
 22
 22
 22
 22
 22
 22
 22
 22
 22
 22
 22
 22
ż 22
 22
 22
 22
 22
 22
 22
 22
 22
 22
 21
 21
 21
 21
 21
ç 21
 21
 21
 21
 21
 21
 21
έ 21
 21
 21
ǭ 21
ҽ 21
 21
 21
¿ 21
ô 21
 21
 21
 21
 21
˵ 21
 21
 21
 21
 21
 21
 21
ķ 20
 20
 20
 20
 20
 20
 20
 20
 20
 20
о 20
Ʊ 20
 20
 20
 20
 20
 20
 20
 20
 20
ҳ 20
 20
 20
ȸ 20
 20
 20
 20
ƿ 20
ԡ 20
߮ 20
 20
 20
 20
 20
 19
 19
ּ 19
 19
 19
 19
 19
 19
 19
 19
 19
 19
 19
 19
 19
 19
ʹ 19
 19
 19
 19
 19
 19
 19
 19
 19
 19
 19
 19
 19
ͧ 19
 19
 18
 18
 18
 18
ۿ 18
̥ 18
 18
 18
 18
 18
 18
ì 18
 18
 18
Ѯ 18
 18
 18
 18
 18
 18
 18
 18
 18
 18
 18
 18
 18
Ѵ 18
̦ 18
ȱ 18
Ū 18
 18
 18
 18
 18
أ 18
 18
 18
 18
 18
ӫ 18
 18
 18
ܤ 18
 18
 17
 17
 17
 17
ݷ 17
 17
ƾ 17
 17
Ͽ 17
 17
 17
þ 17
 17
 17
 17
 17
 17
 17
 17
 17
 17
Ԣ 17
ɵ 17
 17
 17
 17
 17
 17
 17
è 17
º 17
 17
 17
 17
 17
 17
 17
 17
 17
 16
 16
¤ 16
 16
 16
 16
Ѭ 16
 16
 16
ة 16
 16
ĥ 16
 16
 16
 16
Ԥ 16
 16
 16
 16
 16
ɪ 16
 16
 16
 16
 16
ئ 16
 16
 16
 16
 16
 16
 16
Ʈ 16
 16
 16
 16
 16
 16
ĵ 16
 16
 16
 16
 15
ǹ 15
ۼ 15
 15
 15
 15
 15
 15
 15
 15
 15
 15
 15
Ѱ 15
 15
 15
 15
Ȱ 15
Ư 15
 15
̲ 15
 15
 15
 15
 15
 15
 15
 15
է 15
Ǧ 15
 15
 15
 15
 15
դ 15
 15
 15
 14
 14
 14
 14
 14
 14
Ž 14
 14
 14
 14
ǯ 14
Ӷ 14
 14
ҹ 14
µ 14
 14
 14
 14
ݶ 14
 14
 14
 14
 14
 14
 14
 14
ب 14
 14
 14
 14
 14
 14
 14
 14
 14
 14
 14
 14
 14
 14
 14
 14
 14
 14
 14
 14
 14
 14
 14
 14
 14
 14
 14
 14
 14
 14
 14
 14
 14
 14
 14
 13
 13
ƶ 13
 13
 13
 13
 13
 13
 13
 13
 13
 13
 13
ܯ 13
 13
Կ 13
 13
 13
θ 13
 13
 13
 13
 13
 13
 13
 13
 13
 13
 13
 13
 13
 13
 13
Ь 13
 13
 13
خ 13
 13
ú 13
Ѻ 13
 13
 13
ǩ 13
 13
 13
 13
ʸ 13
 13
 13
 12
 12
 12
޹ 12
 12
Ħ 12
ݯ 12
 12
 12
 12
 12
 12
 12
 12
 12
 12
 12
ͽ 12
 12
 12
û 12
 12
 12
 12
 12
 12
 12
˸ 12
 12
 12
 12
 12
 12
 12
 12
 12
 12
 12
֭ 12
 12
 12
 12
 12
֡ 12
 12
 12
 12
 12
 12
ɢ 12
̧ 12
 12
 12
Ѳ 12
 12
 12
 12
 12
 12
 12
 12
 11
 11
 11
 11
 11
 11
 11
 11
 11
 11
 11
 11
 11
 11
 11
 11
١ 11
 11
 11
 11
 11
 11
 11
 11
 11
٥ 11
Ҥ 11
 11
 11
 11
 11
 11
Ϭ 11
 11
 11
 11
ץ 11
 11
 11
 11
 11
 11
 11
 11
 11
 11
 11
 11
Ͱ 11
 11
 11
 11
 11
س 11
Ķ 11
 11
 11
 11
 11
 11
 11
 11
Ү 11
 11
 11
 11
 11
 11
 11
 11
 11
 11
 10
 10
 10
˲ 10
Ų 10
٪ 10
 10
 10
 10
Ѩ 10
 10
 10
 10
ܮ 10
 10
 10
 10
 10
 10
Һ 10
 10
 10
 10
 10
 10
ٹ 10
 10
 10
 10
 10
 10
 10
 10
 10
׭ 10
 10
 10
̿ 10
Ϸ 10
 10
Ϻ 10
 10
 10
 10
 10
ͻ 10
 10
 10
 10
 10
 10
 10
 10
 10
 10
ն 10
 10
Ѥ 10
 10
 10
 10
 10
 10
 10
 10
 10
ԧ 10
 10
 10
 10
 10
 10
 10
® 9
 9
 9
 9
 9
 9
 9
ê 9
 9
ԯ 9
 9
 9
 9
װ 9
 9
 9
 9
 9
 9
 9
 9
 9
 9
 9
 9
 9
 9
 9
 9
 9
 9
 9
 9
 9
 9
 9
 9
 9
 9
 9
 9
 9
ñ 9
 9
 9
 9
 9
 9
 9
 9
 9
 9
 9
 9
 9
 9
 9
ʧ 9
 9
 9
 9
 9
 9
 9
 9
 9
ǡ 9
ܷ 9
 9
 9
 9
 9
 9
 9
 9
 9
 9
 9
 9
˥ 9
 9
ը 9
 9
 9
̺ 9
 8
 8
 8
 8
 8
ų 8
 8
 8
 8
 8
 8
 8
 8
 8
 8
ߵ 8
̴ 8
 8
 8
 8
 8
 8
ղ 8
 8
 8
 8
ɡ 8
 8
 8
 8
׻ 8
 8
Ĳ 8
 8
 8
 8
 8
 8
 8
 8
 8
 8
 8
 8
 8
̭ 8
 8
 8
 8
 8
ƪ 8
 8
 8
 8
 8
 8
д 8
 8
 8
ƨ 8
 8
 8
¢ 8
 8
 8
ܨ 8
 8
 8
Ȥ 8
 8
 8
 8
 8
 8
 8
 8
 8
 8
 8
ַ 8
 8
 8
 8
 8
ٮ 8
Ⱦ 8
´ 8
 8
 8
 8
ֺ 8
 8
Ŵ 8
 8
 8
 7
 7
 7
 7
 7
޿ 7
 7
 7
 7
 7
 7
 7
 7
 7
 7
ٺ 7
 7
 7
 7
 7
 7
г 7
 7
 7
 7
ظ 7
 7
 7
Ϯ 7
 7
 7
Ӳ 7
 7
 7
Υ 7
 7
 7
 7
 7
˽ 7
 7
 7
 7
 7
 7
 7
 7
 7
 7
 7
Ѫ 7
Ϥ 7
 7
Φ 7
ȴ 7
ݿ 7
 7
 7
 7
 7
ҩ 7
 7
 7
 7
 7
 7
 7
 7
 7
 7
 7
 7
 7
 7
̻ 7
 7
 7
 7
 7
 7
 7
 7
 7
 7
 7
 7
ճ 7
Ƕ 7
 7
 7
 7
 7
ť 7
 7
 7
 7
Ԧ 7
 7
 7
 7
 7
ܼ 7
 7
 7
 7
 7
 6
 6
 6
 6
 6
 6
 6
 6
ݽ 6
 6
ݸ 6
 6
 6
 6
 6
ױ 6
 6
 6
 6
 6
 6
 6
 6
 6
 6
 6
޲ 6
 6
 6
 6
 6
 6
 6
 6
 6
 6
 6
ө 6
 6
 6
 6
ձ 6
 6
 6
 6
 6
 6
̾ 6
 6
բ 6
 6
 6
ֽ 6
 6
й 6
 6
 6
 6
ǣ 6
 6
 6
 6
ڵ 6
 6
ܾ 6
 6
 6
 6
 6
 6
 6
 6
 6
ȵ 6
֬ 6
 6
 6
 6
 6
 6
 6
ذ 6
 6
 6
 6
ݱ 6
 6
 6
 6
 6
 6
 6
 6
 6
 6
 6
 6
 6
թ 6
 6
 6
 6
 6
İ 6
 6
 6
ݪ 6
׫ 6
 6
ǳ 6
 6
 6
 6
 6
̡ 6
 5
 5
 5
 5
 5
 5
 5
 5
ھ 5
 5
 5
ز 5
ݣ 5
 5
 5
 5
 5
 5
 5
 5
 5
ļ 5
 5
ڡ 5
ɶ 5
 5
 5
ҥ 5
 5
ܻ 5
 5
 5
 5
 5
 5
յ 5
 5
 5
 5
 5
 5
 5
 5
 5
ɴ 5
 5
ѹ 5
£ 5
 5
Ѿ 5
 5
 5
 5
 5
 5
í 5
ث 5
 5
ϻ 5
 5
 5
 5
׺ 5
 5
 5
 5
 5
 5
 5
 5
ҡ 5
 5
 5
 5
 5
 5
 5
ʪ 5
 5
 5
 5
 5
 5
 5
 5
 5
 5
Ŧ 5
 5
˦ 5
 5
 5
 5
 5
 5
 5
 5
 5
 5
 5
 5
 5
 5
 5
 5
ٱ 5
 5
ܶ 5
 5
 5
 5
 5
 5
 5
 5
 5
 5
 5
ؾ 5
 5
 5
 5
 5
 5
٢ 5
 5
ϩ 5
 5
 5
 5
 5
 5
 5
 5
ٴ 5
 5
 5
 5
 5
 5
 5
 5
 5
 5
 5
 5
 5
 5
 5
 5
 5
 5
 5
ܥ 5
 5
 5
ĸ 5
ؿ 5
 5
 5
 5
 5
 5
ܹ 4
 4
 4
 4
 4
 4
 4
 4
 4
 4
 4
 4
 4
 4
 4
 4
ݦ 4
ۢ 4
 4
 4
 4
 4
 4
 4
 4
 4
 4
 4
 4
 4
٧ 4
ȯ 4
 4
 4
 4
 4
 4
 4
 4
 4
 4
 4
 4
 4
Σ 4
 4
 4
 4
 4
 4
 4
 4
 4
б 4
 4
 4
 4
 4
 4
ߪ 4
 4
 4
 4
 4
 4
 4
 4
ٳ 4
ɻ 4
 4
 4
 4
 4
ʺ 4
 4
 4
 4
 4
 4
 4
 4
 4
 4
 4
Ҿ 4
 4
 4
 4
 4
 4
ɹ 4
 4
ã 4
 4
 4
Ϋ 4
 4
 4
 4
 4
ں 4
 4
 4
 4
 4
 4
 4
 4
 4
 4
޼ 4
 4
ƥ 4
§ 4
 4
 4
 4
ͫ 4
 4
 4
 4
 4
 4
Ͷ 4
 4
 4
 4
 4
۫ 4
 4
 4
 4
е 4
 4
 4
 4
 4
 4
 4
 4
ǥ 4
 4
 4
Ҭ 4
 4
 4
 4
 4
ڼ 4
 4
 4
 4
 4
̪ 4
 4
 4
 4
ݻ 4
 4
 4
 4
ޢ 4
 4
Ъ 4
ĺ 4
 4
 4
 4
 4
 4
 4
 4
 4
 4
 4
 4
 4
 4
 4
 4
 4
 4
 4
 4
 4
ʴ 4
 4
 4
 4
 4
 4
 3
 3
 3
 3
ګ 3
 3
 3
 3
 3
ٲ 3
 3
 3
 3
ܧ 3
 3
 3
 3
 3
 3
 3
 3
 3
 3
 3
 3
Ţ 3
 3
 3
 3
 3
 3
 3
 3
Щ 3
 3
 3
 3
ȹ 3
 3
 3
 3
ӻ 3
 3
 3
ջ 3
 3
Ʋ 3
 3
̼ 3
 3
 3
 3
 3
 3
 3
 3
 3
ر 3
 3
 3
 3
 3
 3
 3
 3
 3
 3
 3
 3
 3
 3
 3
 3
۽ 3
 3
͵ 3
 3
 3
 3
 3
פ 3
Ҩ 3
 3
 3
 3
 3
ծ 3
 3
ۤ 3
 3
 3
 3
 3
 3
 3
 3
 3
 3
Ǹ 3
 3
 3
 3
 3
 3
 3
 3
 3
 3
 3
 3
 3
 3
 3
 3
 3
 3
 3
٭ 3
 3
 3
 3
 3
 3
 3
 3
 3
 3
 3
 3
 3
© 3
 3
ֳ 3
α 3
 3
 3
 3
ۻ 3
ݮ 3
۾ 3
 3
 3
 3
 3
 3
 3
 3
 3
ݬ 3
 3
 3
 3
 3
 3
 3
 3
 3
 3
 3
 3
 3
 3
 3
 3
 3
ݰ 3
 3
 3
 3
 3
٫ 3
 3
 3
 3
 3
 3
 3
 3
֢ 3
 3
 3
Ѽ 3
 3
 3
 3
 3
إ 3
 3
 3
 3
 3
׾ 3
 3
 3
ˢ 3
 3
 3
 3
 3
 3
 3
 3
 3
˭ 3
 3
 3
 3
 3
 3
 3
 3
 3
 3
 3
 3
 3
 3
 3
 3
 3
 3
 3
 3
 3
 2
 2
 2
 2
ǵ 2
 2
 2
 2
 2
 2
 2
 2
 2
ި 2
 2
 2
Ш 2
 2
ۭ 2
 2
 2
 2
 2
 2
 2
 2
 2
 2
 2
 2
 2
ܵ 2
 2
 2
 2
 2
 2
 2
 2
 2
± 2
 2
 2
 2
 2
 2
 2
 2
 2
 2
 2
 2
ɾ 2
 2
 2
 2
 2
 2
 2
 2
 2
 2
 2
 2
ȭ 2
ݳ 2
 2
 2
 2
 2
 2
ֶ 2
 2
 2
 2
 2
Ť 2
 2
 2
 2
 2
 2
 2
 2
 2
ƣ 2
 2
ǻ 2
 2
Ȣ 2
 2
 2
 2
 2
 2
 2
 2
 2
 2
 2
 2
 2
 2
 2
 2
 2
 2
 2
 2
ѽ 2
 2
 2
 2
 2
 2
 2
 2
 2
 2
 2
 2
 2
 2
 2
 2
 2
 2
 2
 2
 2
 2
ۮ 2
 2
 2
 2
 2
 2
 2
 2
 2
 2
 2
 2
 2
 2
 2
 2
 2
 2
 2
 2
 2
 2
 2
 2
 2
 2
 2
 2
 2
 2
 2
 2
 2
 2
 2
 2
 2
ҿ 2
߸ 2
ڬ 2
 2
 2
 2
 2
 2
 2
 2
 2
 2
 2
 2
 2
 2
 2
 2
 2
ٿ 2
 2
 2
 2
 2
 2
 2
 2
 2
 2
 2
 2
 2
 2
ո 2
 2
 2
 2
 2
 2
 2
 2
 2
ϫ 2
 2
 2
ء 2
 2
 2
 2
 2
 2
 2
 2
 2
 2
 2
 2
 2
 2
 2
 2
 2
 2
 2
 2
Ǽ 2
 2
 2
 2
 2
 2
Ȳ 2
ݢ 2
 2
 2
 2
 2
 2
 2
ڣ 2
 2
 2
 2
 2
 2
 2
 2
 2
 2
 2
 2
 2
 2
ާ 2
 2
ޡ 2
 2
 2
 2
 2
 2
 2
ǲ 2
 2
 2
̰ 2
 2
 2
 2
 2
 2
 2
 2
̤ 2
 2
 2
 2
 2
 2
 2
 2
 2
 2
 2
 2
 2
 2
 2
 2
 2
 2
 2
 2
 2
 2
 2
 2
 2
 2
 2
 2
 2
 2
 2
 2
 2
 2
 2
ٶ 2
 2
 2
 2
 2
Ͳ 2
 2
 2
 2
 2
 2
 2
 2
 2
 2
 2
 2
ɿ 2
ٵ 2
ޤ 2
 2
 2
 2
 2
 2
޵ 2
 2
 2
 2
 2
 2
 2
 2
 2
 2
 2
 2
 2
 2
 2
 2
 2
 2
 2
 2
 2
 2
 2
 2
 2
 2
 2
 2
 2
 2
Ĺ 2
 2
 2
 2
ɨ 2
 2
 2
 2
ɷ 2
 2
 2
 2
ƴ 2
۰ 2
 2
 2
 2
 2
 1
 1
 1
 1
 1
 1
 1
۱ 1
 1
ت 1
ܴ 1
 1
߰ 1
 1
 1
 1
å 1
 1
 1
ѥ 1
 1
 1
 1
 1
 1
 1
 1
 1
 1
 1
 1
 1
 1
 1
 1
 1
 1
 1
 1
 1
 1
 1
 1
 1
 1
 1
 1
 1
ʣ 1
 1
 1
 1
ܫ 1
ˤ 1
 1
 1
 1
 1
 1
ƹ 1
 1
 1
 1
϶ 1
 1
 1
 1
 1
 1
 1
 1
 1
 1
 1
 1
 1
 1
 1
ա 1
 1
 1
 1
 1
¸ 1
 1
 1
 1
 1
ˣ 1
 1
 1
ڧ 1
 1
 1
 1
۷ 1
 1
 1
 1
 1
 1
 1
 1
ϱ 1
 1
٨ 1
 1
 1
 1
 1
 1
 1
 1
 1
 1
 1
 1
 1
 1
 1
 1
 1
 1
 1
 1
 1
 1
 1
 1
Ǥ 1
 1
 1
 1
 1
 1
 1
 1
 1
 1
 1
 1
 1
 1
 1
 1
 1
 1
 1
 1
 1
ޮ 1
 1
 1
 1
 1
 1
 1
 1
 1
 1
Ͼ 1
 1
 1
 1
 1
 1
 1
 1
 1
 1
 1
 1
 1
 1
 1
 1
 1
 1
 1
 1
 1
 1
 1
 1
 1
 1
 1
ڢ 1
 1
 1
 1
 1
 1
 1
 1
 1
զ 1
 1
 1
 1
 1
 1
 1
 1
 1
 1
 1
 1
 1
 1
 1
 1
 1
ý 1
ѻ 1
 1
 1
 1
 1
 1
 1
 1
 1
 1
 1
 1
֫ 1
 1
 1
 1
ػ 1
 1
۩ 1
 1
 1
 1
 1
 1
 1
 1
 1
 1
 1
 1
 1
 1
 1
á 1
 1
 1
 1
 1
 1
 1
ܩ 1
 1
 1
 1
 1
 1
˯ 1
 1
 1
 1
߷ 1
 1
 1
 1
 1
 1
 1
 1
 1
 1
 1
 1
 1
 1
 1
 1
 1
 1
 1
 1
 1
 1
 1
 1
 1
 1
ʻ 1
 1
 1
޴ 1
٣ 1
 1
 1
 1
 1
 1
 1
 1
 1
 1
Ͻ 1
 1
 1
 1
 1
 1
 1
 1
ڤ 1
 1
 1
 1
 1
Ϩ 1
 1
 1
 1
 1
 1
ڶ 1
 1
 1
 1
 1
 1
 1
 1
 1
 1
 1
 1
 1
 1
٤ 1
ު 1
 1
 1
 1
 1
 1
 1
˱ 1
 1
 1
 1
 1
 1
 1
 1
 1
 1
 1
 1
 1
۬ 1
 1
 1
 1
ø 1
 1
 1
 1
 1
 1
 1
 1
 1
 1
 1
 1
 1
 1
 1
 1
 1
צ 1
ȶ 1
 1
 1
 1
 1
ٸ 1
ޭ 1
 1
ٰ 1
 1
 1
Ĩ 1
 1
 1
 1
 1
 1
 1
 1
 1
 1
 1
 1
 1
 1
 1
 1
ɰ 1
 1
 1
 1
 1
 1
 1
 1
 1
 1
 1
 1
 1
 1
 1
 1
 1
 1
 1
 1
 1
 1
 1
 1
 1
 1
 1
 1
¨ 1
 1
 1
 1
 1
Ĥ 1
ɬ 1
 1
 1
 1
 1
 1
 1
 1
 1
 1
 1
 1
 1
 1
 1
ѳ 1
 1
 1
 1
 1
 1
 1
 1
 1
 1
 1
 1
 1
 1
 1
 1
 1
 1
ۥ 1
 1
 1
Ҵ 1
 1
 1
 1
 1
׬ 1
 1
 1
 1
 1
 1
 1
 1
 1
 1
 1
 1
ϭ 1
 1
 1
 1
 1
 1
 1
 1
 1
 1
 1
 1
 1
 1
 1
 1
 1
 1
 1
 1
ܸ 1
Ƨ 1
 1
 1
 1
 1
 1
 1
 1
 1
ߤ 1
 1
 1
 1
 1
 1
 1
 1
 1
 1
 1
 1
 1
 1
 1
 1
 1
 1
 1
ֿ 1
 1
 1
 1
 1
 1
 1
 1
 1
 1
 1
 1
 1
 1
 1
 1
 1
 1
 1
 1
 1
 1
 1
 1
 1
 1
 1
 1
߳ 1
 1
 1
м 1
 1
 1
 1
 1
 1
 1
 1
 1
 1
Ĵ 1
 1
 1
 1
 1
 1
 1
 1
̯ 1
޺ 1
 1
 1
 1
 1
ڽ 1
 1
 1
 1
 1
 1
 1
 1
 1
 1
ټ 1
̢ 1
 1
 1
ۯ 1
 1
 1
ե 1
 1
 1
 1
 1
ܺ 1
 1
 1
 1
 1
Ƣ 1
 1
 1
 1
Թ 1
ߡ 1
 1
 1
 1
 1
 1
 1
 1
 1
 1
 1
 1
 1
 1
 1
ɥ 1
 1
 1
 1
 1
 1
 1
 1
 1
 1
 1
 1
ݭ 1
Ʀ 1
 1
 1
 1
 1
 1
߲ 1
׵ 1
 1
 1
 1
 1
 1
 1
 1
͹ 1
 1
 1
 1
 1
ʹ 1
 1
 1
ä 1
 1
۳ 1
 1
Ʃ 1
 1
 1
 1
 1
 1
 1
 1
 1
 1
 1
׽ 1
 1
 1
ܠ 1
